
000
001
002
003
004
009
010
011
012
016
017
018
021
041
048
049
050
051
053
054
058
060
061
065
070
072
074
076
079
080
081
082
090
093
094
097
098
111
112
123
149
152
180
197
201
202
203
205
206
207
208
209
210
212
213
214
215
216
217
218
219
221
222
224
225
228
229
231
233
234
239
240
242
243
245
246
248
250
251
252
253
254
256
260
262
267
269
270
271
276
279
281
283
284
301
302
303
304
305
307
308
309
310
311
312
313
314
315
316
317
318
319
320
321
322
323
324
325
326
330
331
333
334
335
336
337
344
345
346
347
348
349
352
357
358
360
361
370
371
372
376
380
386
390
393
398
401
402
404
405
406
407
408
409
410
412
413
414
415
417
419
421
423
425
430
432
434
435
440
443
445
447
448
453
456
457
458
462
464
465
467
468
469
472
475
478
479
480
482
484
486
487
491
492
493
495
496
497
498
501
502
503
504
505
506
507
508
509
510
512
513
514
515
516
517
518
520
521
523
525
528
530
540
541
544
545
547
549
551
552
553
554
555
556
559
560
561
562
563
564
565
567
570
571
573
574
575
580
583
585
586
598
601
602
603
605
606
607
608
609
610
611
612
613
614
615
616
617
618
619
620
622
623
626
628
630
631
634
636
637
639
641
644
646
650
651
656
658
659
660
661
662
666
668
671
674
678
680
682
686
691
693
701
702
703
704
706
707
708
712
713
714
715
716
717
718
719
720
724
727
731
732
734
737
740
746
748
754
756
757
759
760
763
765
770
772
773
774
775
781
785
786
787
791
792
801
802
803
804
805
806
807
808
810
811
812
813
814
815
816
817
818
819
822
825
828
830
831
832
836
841
843
845
846
847
850
853
856
858
859
860
861
862
863
864
865
866
867
870
871
883
886
892
901
902
903
904
905
906
907
908
909
910
912
913
914
915
916
918
919
920
925
928
931
932
936
937
938
940
941
944
949
951
952
954
955
956
962
965
966
968
970
971
972
973
974
978
979
980
981
982
984
985
986
988
989
990
992
993
994
996
997
998
